10001100000000010000000000101000
10001100000000100000000000101100
10001100000000110000000000110000
00000000001000100010000000100000
00000000011000010010100000100010
00000000010000010011000000100100
10001100000010100000000000101000
10001100000010100000000000101000
10001100000010100000000000101000
00000000011000010011100000100101
00000000011000010100000000101010
00010000000000000000000000000001
00000000111010000100100000100000
10001100000010100000000000101100
10001100000010100000000000101000
10001100000010100000000000101000
10001100000010100000000000101000
10001100000010100000000000101000